10000,21,1,0
10000,48,2,0
10000,29,3,0
10000,1,4,0
10000,50,5,0
10000,38,6,0
10000,34,7,0
10000,9,8,0
10000,15,9,0
10000,58,10,0
10000,14,11,1
10100,14,1,0
10100,58,2,0
10100,15,3,0
10100,9,4,0
10100,34,5,0
10100,38,6,0
10100,50,7,0
10100,1,8,0
10100,29,9,0
10100,48,10,0
10100,21,11,1
10200,21,1,0
10200,48,2,0
10200,29,3,0
10200,1,4,0
10200,50,5,0
10200,38,6,0
10200,15,7,0
10200,58,8,0
10200,14,9,1
10300,14,1,0
10300,58,2,0
10300,15,3,0
10300,38,4,0
10300,50,5,0
10300,1,6,0
10300,29,7,0
10300,48,8,0
10300,21,9,1
10400,21,1,0
10400,48,2,0
10400,29,3,0
10400,1,4,0
10400,50,5,0
10400,38,6,0
10400,15,7,0
10400,58,8,0
10400,14,9,1
10500,14,1,0
10500,58,2,0
10500,15,3,0
10500,38,4,0
10500,50,5,0
10500,1,6,0
10500,29,7,0
10500,48,8,0
10500,21,9,1
15000,14,1,0
15000,58,2,0
15000,15,3,0
15000,38,4,0
15000,22,5,0
15000,2,6,1
15100,2,1,0
15100,22,2,0
15100,38,3,0
15100,15,4,0
15100,58,5,0
15100,14,6,1
15200,14,1,0
15200,58,2,0
15200,15,3,0
15200,9,4,0
15200,34,5,0
15200,38,6,0
15200,22,7,0
15200,2,8,0
15200,27,9,0
15200,39,10,0
15200,3,11,0
15200,24,12,0
15200,37,13,1
15300,37,1,0
15300,24,2,0
15300,3,3,0
15300,39,4,0
15300,27,5,0
15300,2,6,0
15300,22,7,0
15300,38,8,0
15300,34,9,0
15300,9,10,0
15300,15,11,0
15300,58,12,0
15300,14,13,1
15400,14,1,0
15400,58,2,0
15400,15,3,0
15400,38,4,0
15400,22,5,0
15400,2,6,0
15400,27,7,0
15400,39,8,0
15400,3,9,0
15400,24,10,0
15400,37,11,1
15500,2,1,0
15500,22,2,0
15500,38,3,0
15500,15,4,0
15500,58,5,0
15500,14,6,1
15600,14,1,0
15600,58,2,0
15600,15,3,0
15600,38,4,0
15600,22,5,0
15600,2,6,1
15700,37,1,0
15700,24,2,0
15700,3,3,0
15700,39,4,0
15700,27,5,0
15700,2,6,0
15700,22,7,0
15700,38,8,0
15700,15,9,0
15700,58,10,0
15700,14,11,1
30000,1,1,0
30000,5,2,0
30000,334,3,0
30000,333,4,0
30000,302,5,0
30000,6,6,1
30100,6,1,0
30100,302,2,0
30100,333,3,0
30100,334,4,0
30100,5,5,0
30100,1,6,1
30200,1,1,0
30200,5,2,0
30200,334,3,0
30200,333,4,0
30200,302,5,0
30200,6,6,1
30300,6,1,0
30300,302,2,0
30300,333,3,0
30300,334,4,0
30300,5,5,0
30300,1,6,1
34000,300,1,0
34000,303,2,0
34000,301,3,0
34000,20,4,0
34000,51,5,0
34000,32,6,0
34000,48,7,0
34000,21,8,1
34100,21,1,0
34100,48,2,0
34100,32,3,0
34100,51,4,0
34100,20,5,0
34100,301,6,0
34100,303,7,0
34100,300,8,1
35000,21,1,0
35000,31,2,0
35000,36,3,0
35000,47,4,0
35000,61,5,0
35000,30,6,1
35100,30,1,0
35100,61,2,0
35100,47,3,0
35100,36,4,0
35100,31,5,0
35100,21,6,0
35100,48,7,1
35200,21,1,0
35200,31,2,0
35200,36,3,0
35200,47,4,0
35200,61,5,0
35200,30,6,1
35300,30,1,0
35300,61,2,0
35300,47,3,0
35300,36,4,0
35300,31,5,0
35300,21,6,0
35300,48,7,1
50000,12,1,0
50000,45,2,0
50000,25,3,0
50000,30,4,1
50100,30,1,0
50100,25,2,0
50100,12,3,1
62000,14,1,0
62000,58,2,0
62000,19,3,0
62000,10,4,0
62000,40,5,0
62000,41,6,0
62000,23,7,0
62000,18,8,1
62100,18,1,0
62100,23,2,0
62100,41,3,0
62100,40,4,0
62100,10,5,0
62100,19,6,0
62100,58,7,0
62100,14,8,1
62400,14,1,0
62400,58,2,0
62400,19,3,0
62400,10,4,0
62400,40,5,0
62400,41,6,1
62500,41,1,0
62500,40,2,0
62500,10,3,0
62500,19,4,0
62500,58,5,0
62500,14,6,1
62600,14,1,0
62600,58,2,0
62600,41,3,0
62600,40,4,1
62700,40,1,0
62700,41,2,0
62700,58,3,0
62700,14,4,1
70100,28,1,0
70100,8,2,0
70100,33,3,0
70100,13,4,0
70100,26,5,0
70100,11,6,0
70100,42,7,0
70100,12,8,0
70100,45,9,0
70100,25,10,0
70100,31,11,0
70100,21,12,1
70200,21,1,0
70200,31,2,0
70200,36,3,0
70200,25,4,0
70200,45,5,0
70200,12,6,0
70200,42,7,0
70200,11,8,0
70200,26,9,0
70200,13,10,0
70200,33,11,0
70200,8,12,0
70200,57,13,0
70200,49,14,0
70200,44,15,0
70200,54,16,0
70200,53,17,0
70200,28,18,1
70300,28,1,0
70300,53,2,0
70300,54,3,0
70300,44,4,0
70300,49,5,0
70300,57,6,0
70300,8,7,0
70300,33,8,0
70300,13,9,0
70300,26,10,0
70300,11,11,0
70300,42,12,0
70300,12,13,0
70300,45,14,0
70300,25,15,0
70300,36,16,0
70300,31,17,0
70300,21,18,1
70400,21,1,0
70400,31,2,0
70400,25,3,0
70400,45,4,0
70400,12,5,0
70400,42,6,0
70400,11,7,0
70400,26,8,0
70400,13,9,0
70400,33,10,0
70400,8,11,0
70400,28,12,1
70500,12,1,0
70500,45,2,0
70500,25,3,0
70500,31,4,0
70500,21,5,1
70600,21,1,0
70600,31,2,0
70600,25,3,0
70600,45,4,0
70600,12,5,1
300000,5,1,0
300000,35,2,1
300100,35,1,0
300100,5,2,1
300200,5,1,0
300200,35,2,1
300300,35,1,0
300300,5,2,1
300400,5,1,0
300400,35,2,1
300500,35,1,0
300500,5,2,1
300600,5,1,0
300600,35,2,1
300700,35,1,0
300700,5,2,1
